376.976676 1255.327189
488.113703 1303.391705
490.892128 1433.852535
657.597668 1293.092166
668.711370 1148.898618
438.102041 1015.004608
482.556851 1015.004608
432.545190 843.345622
435.323615 767.815668
435.323615 695.718894
438.102041 620.188940
440.880466 537.792627
440.880466 472.562212
410.317784 469.129032
407.539359 548.092166
407.539359 616.755760
404.760933 692.285714
407.539359 771.248848
446.437318 403.898618
638.148688 407.331797
821.524781 407.331797
821.524781 647.654378
443.658892 191.041475
249.169096 180.741935
254.725948 393.599078
340.857143 400.465438
340.857143 469.129032
340.857143 541.225806
340.857143 620.188940
340.857143 699.152074
340.857143 764.382488
343.635569 863.944700
243.612245 839.912442
251.947522 1063.069124
310.294461 771.248848
310.294461 695.718894
310.294461 623.622120
310.294461 544.658986
310.294461 472.562212
124.139942 1433.852535
68.571429 1327.423963
121.361516 1320.557604
124.139942 833.046083
118.583090 400.465438
74.128280 393.599078
121.361516 70.880184
274.174927 465.695853
274.174927 544.658986
274.174927 620.188940
274.174927 695.718894
